10.000 1.084
20.000 1.606
30.000 0.997
40.000 2.730
50.000 2.169
60.000 1.581
70.000 1.704
80.000 1.447
90.000 2.608
100.000 2.465
110.000 1.871
120.000 1.048
130.000 1.427
140.000 1.259
150.000 1.032
160.000 1.132
170.000 1.980
180.000 1.379
190.000 1.534
200.000 1.057
210.000 0.638
220.000 1.031
230.000 1.097
240.000 0.938
250.000 1.079
260.000 0.786
270.000 1.182
280.000 1.010
290.000 1.647
300.000 1.763
310.000 2.531
320.000 2.818
330.000 2.753
340.000 2.039
350.000 2.049
360.000 2.009
370.000 2.051
380.000 2.077
390.000 1.970
400.000 2.500
410.000 2.523
420.000 2.303
430.000 2.422
440.000 2.777
450.000 2.815
460.000 2.940
470.000 2.828
480.000 2.901
490.000 3.165
500.000 3.460
510.000 3.900
520.000 3.878
530.000 3.687
540.000 2.518
550.000 2.199
560.000 1.767
570.000 1.521
580.000 1.336
590.000 1.091
600.000 1.118
610.000 1.135
620.000 1.104
630.000 0.908
640.000 1.026
650.000 1.006
660.000 0.974
670.000 1.063
680.000 1.156
690.000 1.215
700.000 1.376
710.000 1.243
720.000 1.455
730.000 1.304
740.000 0.933
750.000 0.795
760.000 0.521
770.000 0.638
780.000 0.637
790.000 0.634
800.000 0.654
810.000 0.505
820.000 0.401
830.000 0.420
840.000 0.405
850.000 0.440
860.000 0.470
870.000 0.535
880.000 0.527
890.000 0.577
900.000 0.576
910.000 0.729
920.000 0.666
930.000 0.749
940.000 0.463
950.000 0.524
960.000 0.461
970.000 0.540
980.000 0.419
990.000 0.394
1000.000 0.425
1010.000 0.478
1020.000 0.463
1030.000 0.453
1040.000 0.493
1050.000 0.458
1060.000 0.406
1070.000 0.400
1080.000 0.584
1090.000 0.583
1100.000 0.660
1110.000 0.869
1120.000 0.917
1130.000 1.124
1140.000 0.916
1150.000 0.794
1160.000 0.620
1170.000 0.674
1180.000 0.631
1190.000 0.608
1200.000 0.526
1210.000 0.612
1220.000 0.490
1230.000 0.670
1240.000 0.625
1250.000 0.778
1260.000 0.819
1270.000 0.865
1280.000 1.012
1290.000 0.985
1300.000 1.269
1310.000 1.520
1320.000 1.809
1330.000 2.006
1340.000 1.804
1350.000 1.240
1360.000 1.103
1370.000 0.872
1380.000 0.951
1390.000 0.861
1400.000 0.843
1410.000 0.745
1420.000 0.779
1430.000 0.675
1440.000 0.751
1450.000 0.800
1460.000 0.887
1470.000 0.969
1480.000 1.055
1490.000 1.183
1500.000 1.482
1510.000 2.011
1520.000 2.148
1530.000 2.322
1540.000 2.056
1550.000 1.520
1560.000 1.256
1570.000 1.183
1580.000 0.932
1590.000 0.969
1600.000 0.969
1610.000 0.936
1620.000 0.932
1630.000 0.987
1640.000 0.926
1650.000 1.083
1660.000 1.302
1670.000 1.284
1680.000 1.593
1690.000 1.779
1700.000 2.112
1710.000 2.450
1720.000 2.278
1730.000 1.803
1740.000 1.644
1750.000 1.276
1760.000 1.172
1770.000 1.095
1780.000 1.081
1790.000 1.169
1800.000 1.073
1810.000 1.133
1820.000 1.214
1830.000 1.336
1840.000 1.450
1850.000 1.772
1860.000 2.393
1870.000 2.632
1880.000 2.955
1890.000 2.670
1900.000 2.258
1910.000 1.635
1920.000 1.558
1930.000 1.382
1940.000 1.334
1950.000 1.302
1960.000 1.213
1970.000 1.275
1980.000 1.358
1990.000 1.441
2000.000 1.788
2010.000 2.298
2020.000 2.691
2030.000 2.677
2040.000 2.424
2050.000 1.543
2060.000 1.148
2070.000 1.081
2080.000 1.070
2090.000 1.041
2100.000 1.044
2110.000 1.113
2120.000 1.383
2130.000 1.397
2140.000 1.215
2150.000 0.591
2160.000 0.501
2170.000 0.307
2180.000 0.299
2190.000 0.262
2200.000 0.268
2210.000 0.260
2220.000 0.210
2230.000 0.312
2240.000 0.283
2250.000 0.283
2260.000 0.324
2270.000 0.268
2280.000 0.269
2290.000 0.324
2300.000 0.348
2310.000 0.322
2320.000 0.250
2330.000 0.318
2340.000 0.364
2350.000 0.322
2360.000 0.183
2370.000 0.311
2380.000 0.283
2390.000 0.260
2400.000 0.219
2410.000 0.253
2420.000 0.341
2430.000 0.292
2440.000 0.322
2450.000 0.278
2460.000 0.313
2470.000 0.327
2480.000 0.251
2490.000 0.296
2500.000 0.329
2510.000 0.351
2520.000 0.228
2530.000 0.320
2540.000 0.241
2550.000 0.232
2560.000 0.237
2570.000 0.223
2580.000 0.270
2590.000 0.341
2600.000 0.329
2610.000 0.217
2620.000 0.328
2630.000 0.212
2640.000 0.272
2650.000 0.266
2660.000 0.260
2670.000 0.355
2690.000 0.288
2700.000 0.296
2710.000 0.315
2720.000 0.311
2730.000 0.264
2740.000 0.259
2750.000 0.293
2760.000 0.285
2770.000 0.302
2780.000 0.329
2790.000 0.258
2800.000 0.297
2810.000 0.322
2820.000 0.347
2830.000 0.258
2840.000 0.236
2850.000 0.308
2860.000 0.298
2870.000 0.338
2880.000 0.328
2890.000 0.319
2900.000 0.307
2910.000 0.280
2920.000 0.288
2930.000 0.200
2940.000 0.285
2950.000 0.291
2960.000 0.284
2970.000 0.274
2980.000 0.271
2990.000 0.290
3000.000 0.277
3010.000 0.247
3020.000 0.333
3030.000 0.269
3040.000 0.329
3050.000 0.274
3060.000 0.213
3070.000 0.252
3080.000 0.260
3090.000 0.268
3100.000 0.317
3110.000 0.280
3120.000 0.273
3130.000 0.236
3140.000 0.304
3150.000 0.323
3160.000 0.291
3170.000 0.275
3180.000 0.256
3190.000 0.279
3200.000 0.306
3210.000 0.237
3220.000 0.307
3230.000 0.265
3240.000 0.187
3250.000 0.304
3260.000 0.274
3270.000 0.312
3280.000 0.265
3290.000 0.332
3300.000 0.279
3310.000 0.247
3320.000 0.347
3330.000 0.334
3340.000 0.508
3350.000 0.841
3360.000 1.154
3370.000 2.267
3380.000 2.647
3390.000 2.610
3400.000 2.652
3410.000 3.099
3420.000 3.796
3430.000 4.078
3440.000 3.673
3450.000 3.272
3460.000 2.674
3470.000 2.496
3480.000 2.383
3490.000 2.659
3500.000 2.898
3510.000 3.504
3520.000 4.289
3530.000 4.451
3540.000 3.953
3550.000 3.404
3560.000 2.694
3570.000 2.332
3580.000 2.244
3590.000 2.113
3600.000 2.149
3610.000 2.288
3620.000 2.496
3630.000 2.679
3640.000 3.293
3650.000 3.592
3660.000 4.179
3670.000 3.608
3680.000 3.210
3690.000 2.395
3700.000 2.132
3710.000 1.846
3720.000 1.611
3730.000 1.624
3740.000 1.629
3750.000 1.646
3760.000 1.791
3770.000 2.013
3780.000 2.163
3790.000 2.672
3800.000 3.088
3810.000 3.544
3820.000 3.306
3830.000 2.773
3840.000 2.060
3850.000 1.879
3860.000 1.669
3870.000 1.476
3880.000 1.454
3890.000 1.388
3900.000 1.390
3910.000 1.471
3920.000 1.574
3930.000 1.713
3940.000 2.050
3950.000 2.194
3960.000 2.718
3970.000 3.011
3980.000 2.711
3990.000 2.048
4000.000 1.763
4010.000 1.374
4020.000 1.164
4030.000 1.105
4040.000 1.055
4050.000 1.030
4060.000 0.972
4070.000 1.106
4080.000 1.168
4090.000 1.291
4100.000 1.354
4110.000 1.762
4120.000 2.093
4130.000 2.313
4140.000 2.178
4150.000 1.932
4160.000 1.485
4170.000 1.289
4180.000 1.147
4190.000 0.988
4200.000 0.999
4210.000 0.944
4220.000 1.071
4230.000 1.054
4240.000 1.158
4250.000 1.156
4260.000 1.408
4270.000 1.696
4280.000 1.835
4290.000 1.971
4300.000 1.796
4310.000 1.171
4320.000 0.941
4330.000 0.913
4340.000 0.856
4350.000 0.802
4360.000 0.782
4370.000 0.711
4380.000 0.749
4390.000 0.818
4400.000 0.977
4410.000 1.202
4420.000 1.479
4430.000 1.562
4440.000 1.471
4450.000 1.288
4460.000 1.027
4470.000 0.956
4480.000 0.805
4490.000 0.822
4500.000 0.827
4510.000 0.825
4520.000 0.960
4530.000 0.960
4540.000 1.079
4550.000 1.223
4560.000 1.340
4570.000 1.118
4580.000 0.811
4590.000 0.657
4600.000 0.576
4610.000 0.522
4620.000 0.525
4630.000 0.599
4640.000 0.681
4650.000 0.742
4660.000 0.834
4670.000 0.733
4680.000 0.563
4690.000 0.530
4700.000 0.491
4710.000 0.526
4720.000 0.450
4730.000 0.347
4740.000 0.213
4750.000 0.261
4760.000 0.253
4770.000 0.267
4780.000 0.262
4790.000 0.224
4800.000 0.252
4810.000 0.212
4820.000 0.225
4830.000 0.264
4840.000 0.218
4850.000 0.299
4860.000 0.178
4870.000 0.233
4880.000 0.234
4890.000 0.273
4900.000 0.233
4910.000 0.276
4920.000 0.264
4930.000 0.250
4940.000 0.254
4950.000 0.254
4960.000 0.274
4970.000 0.293
4980.000 0.278
4990.000 0.250
5000.000 0.291
5010.000 0.308
5020.000 0.241
5030.000 0.333
5040.000 0.274
5050.000 0.303
5060.000 0.342
5070.000 0.252
5080.000 0.249
5090.000 0.327
5100.000 0.275
5110.000 0.205
5120.000 0.231
5130.000 0.202
5140.000 0.273
5150.000 0.260
5160.000 0.252
5170.000 0.307
5180.000 0.257
5190.000 0.299
5200.000 0.257
5210.000 0.202
5220.000 0.241
5230.000 0.310
5240.000 0.291
5250.000 0.276
5260.000 0.313
5270.000 0.243
5280.000 0.328
5290.000 0.247
5300.000 0.247
5310.000 0.326
5320.000 0.230
5330.000 0.255
5340.000 0.238
5350.000 0.280
5360.000 0.308
5370.000 0.261
5380.000 0.230
5390.000 0.252
5400.000 0.238
5410.000 0.254
5420.000 0.256
5430.000 0.249
5440.000 0.288
5450.000 0.219
5460.000 0.276
5470.000 0.251
5480.000 0.241
5490.000 0.222
5500.000 0.292
5510.000 0.190
5520.000 0.212
5530.000 0.345
5540.000 0.264
5550.000 0.275
5560.000 0.213
5570.000 0.261
5580.000 0.226
5590.000 0.269
5600.000 0.231
5610.000 0.237
5620.000 0.342
5630.000 0.235
5640.000 0.200
5650.000 0.229
5670.000 0.215
5680.000 0.266
5690.000 0.259
5700.000 0.238
5710.000 0.260
5720.000 0.284
5730.000 0.268
5740.000 0.257
5750.000 0.295
5760.000 0.287
5770.000 0.249
5780.000 0.213
5790.000 0.238
5800.000 0.293
5810.000 0.274
5820.000 0.285
5830.000 0.291
5840.000 0.201
5850.000 0.280
5860.000 0.232
5870.000 0.251
5880.000 0.312
5890.000 0.271
5900.000 0.195
5910.000 0.268
5920.000 0.281
5930.000 0.245
5940.000 0.310
5950.000 0.267
5960.000 0.285
5970.000 0.220
5980.000 0.252
5990.000 0.299
6000.000 0.238
6010.000 0.267
6020.000 0.244
6030.000 0.281
6040.000 0.246
6050.000 0.192
6060.000 0.254
6070.000 0.253
6080.000 0.258
6090.000 0.355
6100.000 0.240
6110.000 0.257
6120.000 0.261
6130.000 0.263
6140.000 0.260
6150.000 0.246
6160.000 0.209
6170.000 0.316
6180.000 0.213
6190.000 0.213
6200.000 0.254
6210.000 0.216
6220.000 0.209
6230.000 0.246
6240.000 0.272
6250.000 0.220
6260.000 0.266
6270.000 0.242
6280.000 0.255
6290.000 0.235
6300.000 0.272
6310.000 0.240
6320.000 0.240
6330.000 0.199
6340.000 0.288
6350.000 0.253
6360.000 0.226
6370.000 0.323
6380.000 0.252
6390.000 0.240
6400.000 0.282
6410.000 0.217
6420.000 0.204
6430.000 0.172
6440.000 0.187
6450.000 0.258
6460.000 0.189
6470.000 0.290
6480.000 0.273
6490.000 0.307
6500.000 0.229
6510.000 0.259
6520.000 0.291
6530.000 0.262
6540.000 0.255
6550.000 0.256
6560.000 0.243
6570.000 0.269
6580.000 0.252
6590.000 0.261
6600.000 0.212
6610.000 0.291
6620.000 0.240
6630.000 0.294
6640.000 0.220
6650.000 0.307
6660.000 0.256
6670.000 0.303
6680.000 0.369
6690.000 0.561
6700.000 0.646
6710.000 0.923
6720.000 0.951
6730.000 1.115
6740.000 1.362
6750.000 1.403
6760.000 1.340
6770.000 1.334
6780.000 1.326
6790.000 1.567
6800.000 1.709
6810.000 1.942
6820.000 1.943
6830.000 1.696
6840.000 1.482
6850.000 1.455
6860.000 1.472
6870.000 1.519
6880.000 1.646
6890.000 1.749
6900.000 1.911
6910.000 1.925
6920.000 1.847
6930.000 1.565
6940.000 1.530
6950.000 1.450
6960.000 1.491
6970.000 1.450
6980.000 1.672
6990.000 1.841
7000.000 2.009
7010.000 2.068
7020.000 2.026
7030.000 1.789
7040.000 1.677
7050.000 1.480
7060.000 1.402
7070.000 1.351
7080.000 1.385
7090.000 1.443
7100.000 1.606
7110.000 1.753
7120.000 1.788
7130.000 1.832
7140.000 1.746
7150.000 1.551
7160.000 1.328
7170.000 1.268
7180.000 1.202
7190.000 1.294
7200.000 1.245
7210.000 1.370
7220.000 1.512
7230.000 1.636
7240.000 1.807
7250.000 1.830
7260.000 1.670
7270.000 1.489
7280.000 1.263
7290.000 1.181
7300.000 1.114
7310.000 1.102
7320.000 1.144
7330.000 1.199
7340.000 1.219
7350.000 1.346
7360.000 1.482
7370.000 1.460
7380.000 1.283
7390.000 1.185
7400.000 0.978
7410.000 0.850
7420.000 0.878
7430.000 0.923
7440.000 0.893
7450.000 1.025
7460.000 1.205
7470.000 1.210
7480.000 1.127
7490.000 1.091
7500.000 0.887
7510.000 0.787
7520.000 0.729
7530.000 0.729
7540.000 0.708
7550.000 0.754
7560.000 0.708
7570.000 0.726
7580.000 0.637
7590.000 0.555
7600.000 0.518
7610.000 0.435
7620.000 0.519
7630.000 0.487
7640.000 0.503
7650.000 0.470
7660.000 0.382
7670.000 0.429
7680.000 0.353
7690.000 0.236
7700.000 0.284
7710.000 0.293
7720.000 0.272
7730.000 0.185
7740.000 0.238
7750.000 0.253
7760.000 0.217
7770.000 0.242
7780.000 0.214
7790.000 0.279
7800.000 0.257
7810.000 0.240
7820.000 0.232
7830.000 0.243
7840.000 0.280
7850.000 0.249
7860.000 0.265
7870.000 0.277
7880.000 0.221
7890.000 0.241
7900.000 0.258
7910.000 0.233
7920.000 0.230
7930.000 0.253
7940.000 0.284
7950.000 0.263
7960.000 0.252
7970.000 0.255
7980.000 0.268
7990.000 0.188
8000.000 0.233
8010.000 0.249
8020.000 0.257
8030.000 0.227
8040.000 0.182
8050.000 0.224
8060.000 0.275
8070.000 0.241
8080.000 0.282
8090.000 0.242
8100.000 0.250
8110.000 0.240
8120.000 0.225
8130.000 0.266
8140.000 0.245
8150.000 0.242
8160.000 0.256
8170.000 0.257
8180.000 0.236
8190.000 0.262
8200.000 0.253
8210.000 0.228
8220.000 0.267
8230.000 0.241
8240.000 0.272
8250.000 0.228
8260.000 0.267
8270.000 0.191
8280.000 0.281
8290.000 0.330
8300.000 0.252
8310.000 0.237
8320.000 0.259
8330.000 0.253
8340.000 0.199
8350.000 0.268
8360.000 0.266
8370.000 0.254
8380.000 0.242
8390.000 0.228
8400.000 0.215
8410.000 0.261
8420.000 0.217
8430.000 0.246
8440.000 0.204
8450.000 0.249
8460.000 0.249
8470.000 0.272
8480.000 0.215
8490.000 0.227
8500.000 0.251
8510.000 0.207
8520.000 0.239
8530.000 0.249
8540.000 0.260
8550.000 0.278
8560.000 0.257
8570.000 0.315
8580.000 0.262
8590.000 0.232
8600.000 0.216
8610.000 0.211
8620.000 0.281
8630.000 0.262
8640.000 0.260
8650.000 0.234
8660.000 0.272
8670.000 0.277
8680.000 0.220
8690.000 0.239
8700.000 0.263
8710.000 0.226
8720.000 0.274
8730.000 0.190
8740.000 0.229
8750.000 0.214
8760.000 0.227
8770.000 0.249
8780.000 0.255
8790.000 0.253
8800.000 0.191
8810.000 0.217
8820.000 0.236
8830.000 0.270
8840.000 0.222
8850.000 0.269
8860.000 0.229
8870.000 0.227
8880.000 0.234
8890.000 0.229
8900.000 0.213
8910.000 0.205
8920.000 0.219
8930.000 0.261
8940.000 0.267
8950.000 0.268
8960.000 0.234
8970.000 0.250
8980.000 0.202
8990.000 0.221
9000.000 0.215
9010.000 0.240
9020.000 0.253
9030.000 0.251
9040.000 0.250
9050.000 0.240
9060.000 0.295
9070.000 0.273
9080.000 0.264
9090.000 0.236
9100.000 0.278
9110.000 0.222
9120.000 0.246
9130.000 0.274
9140.000 0.244
9150.000 0.225
9160.000 0.232
9170.000 0.232
9180.000 0.250
9190.000 0.255
9200.000 0.225
9210.000 0.228
9220.000 0.217
9230.000 0.204
9240.000 0.218
9250.000 0.222
9260.000 0.260
9270.000 0.253
9280.000 0.248
9290.000 0.261
9300.000 0.234
9310.000 0.257
9320.000 0.206
9330.000 0.213
9340.000 0.231
9350.000 0.217
9360.000 0.217
9370.000 0.239
9380.000 0.240
9390.000 0.226
9400.000 0.231
9410.000 0.213
9420.000 0.204
9430.000 0.238
9440.000 0.271
9450.000 0.239
9460.000 0.244
9470.000 0.263
9480.000 0.193
9490.000 0.205
9500.000 0.287
9510.000 0.192
9520.000 0.273
9530.000 0.249
9540.000 0.284
9550.000 0.273
9560.000 0.236
9570.000 0.253
9580.000 0.215
9590.000 0.230
9600.000 0.232
9610.000 0.260
9620.000 0.283
9630.000 0.240
9640.000 0.210
9650.000 0.251
9660.000 0.250
9670.000 0.246
9680.000 0.246
9690.000 0.270
9700.000 0.260
9710.000 0.266
9720.000 0.195
9730.000 0.236
9740.000 0.237
9750.000 0.247
9760.000 0.234
9770.000 0.210
9780.000 0.278
9790.000 0.232
9800.000 0.253
9810.000 0.230
9820.000 0.226
9830.000 0.235
9840.000 0.206
9850.000 0.220
9860.000 0.255
9870.000 0.265
9880.000 0.228
9890.000 0.251
9900.000 0.227
9910.000 0.220
9920.000 0.217
9930.000 0.245
9940.000 0.266
9950.000 0.251
9960.000 0.227
9970.000 0.321
9980.000 0.357
9990.000 0.463
10000.000 0.479
10010.000 0.624
10020.000 0.737
10030.000 0.919
10040.000 0.870
10050.000 0.999
10060.000 1.100
10070.000 1.162
10080.000 1.160
10090.000 1.057
10100.000 1.058
10110.000 0.984
10120.000 1.049
10130.000 1.106
10140.000 1.150
10150.000 1.250
10160.000 1.275
10170.000 1.130
10180.000 1.132
10190.000 1.109
10200.000 1.081
10210.000 1.171
10220.000 1.311
10230.000 1.341
10240.000 1.543
10250.000 1.501
10260.000 1.259
10270.000 1.038
10280.000 1.029
10290.000 0.966
10300.000 0.929
10310.000 0.975
10320.000 1.086
10330.000 1.132
10340.000 1.303
10350.000 1.268
10360.000 1.128
10370.000 0.985
10380.000 0.968
10390.000 0.851
10400.000 0.882
10410.000 0.857
10420.000 0.990
10430.000 1.025
10440.000 1.198
10450.000 1.245
10460.000 1.144
10470.000 0.924
10480.000 0.867
10490.000 0.755
10500.000 0.741
10510.000 0.718
10520.000 0.678
10530.000 0.721
10540.000 0.848
10550.000 0.821
10560.000 0.959
10570.000 0.801
10580.000 0.746
10590.000 0.668
10600.000 0.620
10610.000 0.611
10620.000 0.691
10630.000 0.631
10640.000 0.750
10650.000 0.795
10660.000 0.704
10670.000 0.605
10680.000 0.563
10690.000 0.416
10700.000 0.429
10710.000 0.435
10720.000 0.413
10730.000 0.418
10740.000 0.415
10750.000 0.411
10760.000 0.354
10770.000 0.382
10780.000 0.351
10790.000 0.341
10800.000 0.371
10810.000 0.347
10820.000 0.365
10830.000 0.285
10840.000 0.271
10850.000 0.222
10860.000 0.171
10870.000 0.254
10880.000 0.195
10890.000 0.226
10900.000 0.180
10910.000 0.222
10920.000 0.244
10930.000 0.225
10940.000 0.203
10950.000 0.265
10960.000 0.217
10970.000 0.247
10980.000 0.230
10990.000 0.240
11000.000 0.255
11010.000 0.232
11020.000 0.212
11030.000 0.218
11040.000 0.228
11050.000 0.208
11060.000 0.254
11070.000 0.232
11080.000 0.284
11090.000 0.214
11100.000 0.188
11110.000 0.233
11120.000 0.221
11130.000 0.203
11140.000 0.213
11150.000 0.220
11160.000 0.190
11170.000 0.216
11180.000 0.275
11190.000 0.209
11200.000 0.258
11210.000 0.255
11220.000 0.218
11230.000 0.221
11240.000 0.214
11250.000 0.222
11260.000 0.215
11270.000 0.239
11280.000 0.201
11290.000 0.256
11300.000 0.251
11310.000 0.245
11320.000 0.189
11330.000 0.245
11340.000 0.209
11350.000 0.241
11360.000 0.196
11370.000 0.229
11380.000 0.192
11390.000 0.196
11400.000 0.204
11410.000 0.188
11420.000 0.194
11430.000 0.231
11440.000 0.236
11450.000 0.262
11460.000 0.228
11470.000 0.211
11480.000 0.230
11490.000 0.198
11500.000 0.217
11510.000 0.241
11520.000 0.212
11530.000 0.205
11540.000 0.212
11550.000 0.198
11560.000 0.245
11570.000 0.196
11580.000 0.257
11590.000 0.235
11600.000 0.225
11610.000 0.217
11620.000 0.268
11630.000 0.219
11640.000 0.232
11650.000 0.186
11660.000 0.211
11670.000 0.213
11680.000 0.232
11690.000 0.201
11700.000 0.215
11710.000 0.221
11720.000 0.198
11730.000 0.240
11740.000 0.229
11750.000 0.255
11760.000 0.227
11770.000 0.247
11780.000 0.224
11790.000 0.188
11800.000 0.193
11810.000 0.219
11820.000 0.251
11830.000 0.181
11840.000 0.221
11850.000 0.246
11860.000 0.193
11870.000 0.254
11880.000 0.253
11890.000 0.227
11900.000 0.210
11910.000 0.210
11920.000 0.232
11930.000 0.228
11940.000 0.205
11950.000 0.235
11960.000 0.238
11970.000 0.232
11980.000 0.213
11990.000 0.173
12000.000 0.202
